snap(0,0,0)
sky(191,215,255)
clouds(255,255,255,5,-1000)
fog(195,207,230)
ground(192,194,202)
texture(0,0,0,50)
fadefrom(5000)
density(5)
mountains(16531)
nlaps(5)

fix(41,-1250,-275,250,0)
fix(41,1750,-275,250,0)
fix(41,325,-275,250,0)
set(47,0,0,0)
set(49,2450,150,180)
set(49,1175,975,-90)
set(49,-1625,975,-90)
set(49,1275,-1200,90)
set(49,-2626,-375,0)
set(49,-1525,-1200,90)
set(49,-2626,225,0)
set(49,2450,-450,180)
set(49,1625,975,-90)
chk(40,992062,-994155,0)
chk(40,-991926,-994217,0)

maxl(2,-4888,-3552)
maxb(2,-5952,-2488)
maxr(2,4712,-3552)
maxt(2,3647,-2488)
