snap(-4,-4,19)
sky(171,171,228)
fog(157,162,210)
clouds(210,210,210,4,-1500)
ground(143,153,191)
texture(0,0,0,10)
fadefrom(8000)
density(8)
mountains(3567)
nlaps(4)


set(47,0,0,0)p
set(10,0,5600,0)
chk(40,0,5892,0)
set(12,1520,11230,-30)p
set(12,4560,16890,-30)
set(10,6080,22520,0)
chk(40,6080,21536,0)
set(10,6080,28120,0)
set(26,6080,25520,0)pr
set(14,6080,32670,-90)pt
set(10,1530,32670,-90)
set(27,1835,32670,90)pr
set(37,-134,32670,90)
set(37,614,32670,90)
set(10,-4070,32670,-90)
set(37,-2488,32670,90)
set(37,-1696,32670,90)
set(37,-882,32670,90)
chk(40,-5632,32670,90)
set(10,-9670,32670,-90)p
set(14,-14220,32670,0)pt
set(22,-14220,30360,0)
set(18,-14220,27000,180)
set(36,-12410,28820,-90)
set(36,-16030,28820,90)ph
set(18,-14220,23640,180)
set(36,-16030,22940,90)
set(36,-12410,22940,-90)
set(36,-12410,24900,-90)
set(36,-16030,24900,90)
set(36,-16030,26860,90)
set(36,-12410,26860,-90)
chk(40,-14220,21960,0)
set(22,-14220,20280,180)p
set(14,-14220,17970,90)pt
set(10,-9670,17970,90)
chk(40,-9028,17970,90)
set(10,-4070,17970,90)
set(23,-1270,17970,90)
set(31,-3328,17970,-90)pr
set(10,12730,17970,90)
set(10,18330,17970,90)
chk(40,19964,17970,90)
set(14,22880,17970,-90)pt
set(10,22880,13420,0)
set(10,22880,7820,0)
set(10,22880,2220,0)
set(31,22880,8132,180)pr
set(10,22880,-3380,0)
chk(40,22880,-5928,0)
set(12,21360,-9010,150)p
set(13,17902,-12568,-60)
set(23,15072,-14088,-90)
set(26,14172,-14088,90)pr
chk(40,15072,-14088,90)
set(10,4550,-15750,90)
set(14,0,-15750,90)
set(10,0,-11200,0)
set(29,0,-11836,0)pr
set(10,0,-5600,0)
chk(40,0,-4700,0)
set(23,9930,17970,-90)
set(30,11610,17970,90)pl
set(23,7350,-15750,90)
set(26,8348,-15750,-90)pr




maxl(12,-19738,-17940)
maxb(10,-20340,-17338)
maxr(12,28262,-17940)
maxt(10,37260,-17338)
