snap(38,-15,39)
sky(191,143,143)
fog(195,207,230)
ground(192,194,202)
polys(187,190,201)
fadefrom(8000)
density(8)
nlaps(15)
soundtrack(jazz-orgasm.mod,391,42)

set(47,0,0,0)p
set(14,0,4550,0)
chk(40,1750,4550,90)r
set(14,3500,4550,-90)pt
set(10,3500,0,0)p
set(14,3500,-4550,180)pt
set(14,0,-4550,90)pt
set(14,200,-4450,-90)
chk(40,1750,-4450,90)r
set(14,-3300,-4450,0)
chk(40,-1550,-4450,90)r
set(14,-3300,-7950,90)
chk(40,-1550,-8050,90)r
set(14,200,-7950,180)
set(14,3625,-4550,0)
set(14,3625,-8050,90)
chk(40,5375,-8050,90)r
set(14,7125,-8050,180)
set(14,7125,-4550,-90)
chk(40,5375,-4550,90)r

maxl(5,-10088,-11350)
maxb(5,-13750,-7688)
maxr(5,13913,-11350)
maxt(5,10250,-7688)
