snap(0,0,0)
sky(161,205,213)
fog(152,202,179)
ground(147,191,143)
polys(150,196,147)
fadefrom(8000)
density(8)
nlaps(1)


set(47,0,0,0)
set(13,-1520,5630,210)
chk(40,0,3138,0)
set(13,-4560,11290,210)
set(13,-7600,16950,210)p
set(13,-10640,22610,210)p
set(13,-13680,28270,30)p
set(14,-15200,32850,0)pt
set(10,-10650,32850,-90)p
set(10,-5050,32850,-90)p
set(10,550,32850,-90)
chk(40,235,33671,0)
set(10,6150,32850,-90)p
set(10,10650,32850,-90)p
set(14,15200,32850,-90)pt
set(12,13680,28270,150)p
set(12,10640,22610,150)p
set(12,7600,16950,150)p
set(12,4560,11290,150)
set(12,1520,5630,150)
set(23,0,7789,180)
set(31,0,6109,0)pr
set(10,-3280,14120,90)p
set(10,2320,14120,90)
set(10,3280,14120,90)p
set(10,-448,20358,90)
set(10,-6048,20358,90)p
set(10,5152,20358,90)p
set(10,6300,20358,90)p
set(10,1372,26827,90)
set(10,-4228,26827,90)p
set(10,-9828,26827,90)p
set(10,6972,26827,90)p
set(10,10499,26809,90)p
set(23,0,-2800,0)

maxl(10,-21600,-6088)
maxb(9,-8488,-19200)
maxr(10,21600,-6088)
maxt(9,39512,-19200)
