snap(-5,-5,20)
sky(200,227,255)
fog(215,245,220)
ground(195,210,210)
fadefrom(5000)
nlaps(1)

set(11,0,1000,0)p
set(47,0,0,0)
chk(40,0,-100,0)
set(23,0,-2800,0)
chk(40,0,130860,0)
set(11,0,5000,0)
set(11,0,10000,0)
set(11,0,10000,0)
set(11,0,15000,0)
set(11,0,9000,0)
set(11,0,20000,0)
set(11,0,25000,0)
set(11,0,30000,0)
set(11,0,35000,0)
set(11,0,40000,0)
set(11,0,45000,0)
set(11,0,50000,0)
set(11,0,55000,0)
set(11,0,60000,0)
set(11,0,65000,0)
set(11,0,70000,0)
set(11,0,75000,0)
set(11,0,80000,0)
set(11,0,85000,0)
set(11,0,89700,0)
set(11,0,95000,0)
set(11,0,99400,0)
set(11,0,105000,0)
set(11,0,110000,0)
set(11,0,115000,0)
set(11,0,120000,0)
set(11,0,125000,0)
set(11,0,130000,0)
set(23,0,132800,180)

maxl(31,-7200,-7000)
maxb(3,-9400,-4800)
maxr(31,7200,-7000)
maxt(3,139400,-4800)
