snap(0,0,0)
sky(191,215,255)
fog(195,207,230)
ground(192,194,202)
polys(187,190,201)
fadefrom(5000)
density(5)
nlaps(3)

set(47,0,0,0)p
set(10,0,5600,0)
chk(40,0,7115,0)r
set(45,0,11709,0)
chk(40,0,12474,0)r
set(46,0,16189,0)
set(45,0,20669,180)
set(14,0,25728,-90)pt
set(10,-4550,25728,-90)p
set(14,-9100,25728,0)
set(10,-9100,21178,0)
set(26,-9100,23978,180)pr
set(14,-9100,16628,90)pt
set(45,-4041,16628,-90)p
set(46,439,16628,-90)
chk(40,0,18495,0)r
set(45,4919,16628,90)
set(14,9978,16628,180)pt
set(14,9978,20128,-90)pt
set(10,5428,20128,-90)
set(23,2628,20128,-90)
chk(40,0,23242,0)r
chk(40,-5076,25728,90)r
set(10,-2272,14528,-90)p
set(10,-7872,14528,90)p
set(10,-13472,14528,90)p
set(14,-18022,14528,0)pt
set(14,-18022,11028,180)pt
set(14,-21522,11028,90)pt
set(10,-21522,15578,0)p
set(14,-21522,20128,0)pt
set(10,-16972,20128,90)p
set(23,-14172,20128,90)p
set(45,-14302,20115,-90)p
set(45,-12963,14528,-90)p
set(46,-8483,14528,-90)
chk(40,-9100,17846,0)r
set(46,-2883,14528,-90)
chk(40,-5311,16628,90)r
set(46,2717,14528,-90)
set(45,7197,14528,90)
chk(40,6909,16628,90)r
chk(40,6956,20128,90)r
set(14,12256,14528,-90)pt
set(10,12256,9978,180)
set(10,12256,4378,180)
set(10,12256,-1222,180)
set(12,10736,-6852,-30)p
set(14,9216,-11432,180)
set(23,7466,-11432,-90)
set(26,6722,-11432,90)pr
set(14,0,-10150,90)pt
set(10,0,-5600,180)p
set(10,3328,14528,-90)
set(31,4308,20128,90)pr
chk(40,-18340,20128,90)r
chk(40,-21522,16602,0)r
chk(40,-18022,12778,0)r
chk(40,-12059,14528,90)r
chk(40,-4586,14528,90)r
chk(40,4525,14528,90)r
chk(40,12256,12508,0)r
set(29,12256,9342,180)pr
chk(40,12256,2535,0)r
set(29,12256,-85,0)pr
set(23,1750,-10150,90)
chk(40,9216,-9960,0)r
chk(40,1750,-10150,90)r
chk(40,0,-3991,0)r

maxl(11,-28633,-16365)
maxb(10,-18765,-26233)
maxr(11,19367,-16365)
maxt(10,34035,-26233)
