snap(0,0,0)
sky(191,215,255)
fog(225,227,255)
ground(202,182,157)
polys(200,179,154)
fadefrom(8000)
density(8)
nlaps(5)

set(47,0,0,0)p
set(56,0,4998,0)
chk(40,0,2800,0)
set(57,0,7799,0)pr
set(60,0,10590,180)
chk(64,0,10310,0,-1490)
set(60,0,13390,180)pr
set(60,-975,14375,-90)pr
set(60,-3775,14375,-90)
chk(64,-3495,14375,90,-1490)
set(58,-7069,14375,90)pr
set(59,-10166,14375,90)pr
set(61,-12405,14375,90)pr
set(59,-14644,14375,-90)
chk(64,-14922,14375,90,-3143)
set(58,-17741,14375,-90)pr
set(60,-21035,14375,-90)pr
set(60,-23835,14375,-90)pr
set(60,-26635,14375,-90)pr
set(60,-27650,13375,0)pr
set(60,-27650,10575,0)
chk(64,-27650,10855,0,-1490)
set(60,-27650,7775,0)pr
set(60,-27650,4975,0)pr
set(60,-27650,2175,0)pr
set(60,-27650,-625,0)pr
set(60,-26675,-2305,90)pr
set(60,-23875,-2305,90)
chk(64,-24155,-2305,90,-1490)
set(60,-21075,-2305,90)pr
set(60,-18275,-2305,90)pr
set(60,-15475,-2305,90)pr
set(60,-12675,-2305,90)pr
set(60,-9875,-2305,90)
chk(64,-10715,-2305,90,-1490)
set(57,-7084,-2305,90)pr
set(23,-2085,-2305,90)
set(23,0,-2800,0)
chk(40,-850,-2305,90)
set(56,-4283,-2305,90)pr

maxl(7,-35087,-7595)
maxb(9,-9995,-32687)
maxr(7,8113,-7595)
maxt(9,23605,-32687)
