snap(7,-24,-60)
sky(160,170,211)
fog(191,170,143)
ground(202,192,181)
polys(201,188,174)
fadefrom(5000)
density(3)
nlaps(1)
soundtrack(SANDMAN.MOD,228,52)
lightson()


set(48,0,0,0)p
set(15,0,5600,180)p
set(15,0,11200,180)
set(35,-616,10248,0)pr
set(15,0,16800,180)
set(15,0,22400,180)
set(35,472,18624,0)pr
chk(42,0,24080,0)r
set(17,0,26950,0)
set(17,3500,26950,180)
set(35,1840,27444,90)pr
set(17,3500,30450,0)pt
set(17,7000,30450,180)
set(17,7000,33950,0)
set(35,6608,31956,180)pr
set(15,11550,33950,90)p
set(15,17150,33950,90)
chk(42,16200,33950,90)r
set(24,19950,33950,-90)
set(34,18760,33950,90)pr
set(44,107675,-35385,0)
set(35,107164,-33904,0)
set(35,108228,-33882,0)pr
set(15,107675,-29785,0)p
set(15,107675,-24185,0)
set(15,107675,-18585,0)
set(34,107665,-22294,0)pr
set(15,107675,-12985,0)p
set(15,107675,-7385,0)p
set(15,107675,-1785,0)
set(17,107675,2765,0)
set(34,107665,-812,0)pr
set(15,112225,2765,-90)p
set(24,115025,2765,-90)
set(15,121594,14470,0)
set(33,121594,14836,0)pr
set(17,121594,19020,-90)
set(33,121594,16888,0)pr
set(15,117044,19020,90)
set(20,111444,19020,90)p
set(45,105335,19020,90)p
set(46,100855,19020,90)p
set(46,95255,19020,90)
set(46,89655,19020,90)
set(46,87695,21575,0)
set(46,87695,15975,0)
set(31,92804,19020,-90)pr
set(37,87695,13066,0)
set(37,87695,12534,0)
set(37,87436,12724,0)
set(37,87436,12192,0)
set(37,88006,12724,0)
set(37,88006,12192,0)
set(44,107675,-40985,180)
set(35,106955,-41756,0)
set(35,108000,-41718,0)
chk(42,45780,28040,90)r
set(21,107675,-46585,180)p
set(19,107665,-50635,180)pt
set(43,54520,28040,90)
set(33,54540,28040,-90)pr
set(44,60120,28040,-90)
set(24,62920,28040,-90)
set(34,62040,28040,-90)pr
set(45,69940,25040,-90)
chk(42,66631,25040,90)r
set(46,74420,25040,-90)
set(46,80020,25040,-90)
set(31,74929,25040,-90)pr
set(46,85620,25040,-90)p
set(43,48920,28040,90)
set(33,49200,28040,-90)pr
set(33,52080,28040,-90)pr
set(43,43320,28040,90)
set(33,46680,28040,-90)
set(35,43232,28728,90)
set(43,37720,28040,90)
set(35,39136,27444,90)
set(44,32120,28040,90)
set(35,33792,28728,90)
set(24,29320,28040,90)
set(24,121594,11670,180)
set(33,121594,12860,0)
chk(42,118560,19020,90)r
chk(42,109780,2765,90)r
chk(42,107665,-28540,0)r
chk(42,106400,-50540,90)r
set(36,105145,-50635,90)
set(24,0,-2800,180)

maxl(20,-6403,-53392)
maxb(28,-55792,-4003)
maxr(20,127997,-53392)
maxt(28,40208,-4003)
