snap(0,0,0)
sky(191,215,255)
fog(195,207,230)
ground(192,194,202)
polys(187,190,201)
fadefrom(5000)
density(5)
nlaps(7)


set(47,0,0,0)
set(14,0,4550,-90)
chk(40,-1750,4550,90)r
set(10,-4550,4550,-90)
set(28,-4815,4550,90)pr
set(10,-10150,4550,-90)p
set(10,-15750,4550,-90)
chk(40,-14048,4550,90)r
set(10,-21350,4550,-90)
chk(40,-24150,4550,90)r
set(10,-26950,4550,-90)
set(14,-31500,4550,0)
chk(40,-31500,2800,0)r
set(14,-31500,1050,90)pt
set(10,-26950,1050,90)
set(28,-26314,4550,90)
chk(40,-28214,1050,90)r
set(10,-21350,1050,90)
set(28,-26050,1050,90)pr
set(14,-16800,1050,-90)
set(28,-16607,4550,90)
chk(40,-17995,1050,90)r
set(10,-16800,-3500,0)
chk(40,-16800,-1972,0)r
set(10,-16800,-9100,0)
set(14,-16800,-13650,90)
chk(40,-15050,-13650,90)r
set(14,-13300,-13650,180)
set(10,-13300,-9100,180)
set(26,-13300,-11035,0)pr
set(14,-13300,-4550,0)
set(28,-16800,-4136,180)pr
chk(40,-12061,-4550,90)r
set(10,-8750,-4550,90)
set(26,-9370,-4550,-90)pr
set(14,-4200,-4550,-90)pt
set(10,-4200,-9100,0)
set(26,-4200,-9561,180)
chk(40,-4200,-7388,0)r
set(10,-4200,-14700,0)p
set(14,-4200,-19250,180)
chk(40,-4200,-17794,0)r
set(10,-8750,-19250,-90)
chk(40,-6704,-19250,90)r
set(10,-14350,-19250,-90)
set(31,-11485,-19250,90)pr
set(10,-19950,-19250,-90)p
set(10,-25550,-19250,-90)p
set(10,-31150,-19250,-90)p
set(10,-36750,-19250,-90)
chk(40,-35606,-19250,90)r
set(10,-42350,-19250,-90)p
set(14,-46900,-19250,90)
chk(40,-46900,-17500,0)r
set(11,-46900,-14700,0)
set(27,-46900,-16556,0)pr
set(10,-46900,-9100,180)p
set(14,-46900,-4550,-90)
chk(40,-46900,-5989,0)r
chk(40,-48235,-4550,90)r
set(10,-51450,-4550,-90)p
set(14,-56000,-4550,0)
chk(40,-54808,-4550,90)r
set(14,-56000,-8050,180)
chk(40,-56000,-6300,0)r
chk(40,-57001,-8050,90)r
set(10,-60550,-8050,-90)
set(26,-60670,-8050,90)pr
set(14,-65100,-8050,90)
chk(40,-63924,-8050,90)r
chk(40,-65100,-6892,0)r
set(10,-65100,-3500,180)p
set(36,-66910,-3570,90)
set(10,-65100,2100,180)
set(36,-63290,-1680,-90)
set(10,-65100,7700,180)
set(36,-66910,3570,90)
set(36,-63290,5530,-90)ph
set(14,-65100,12250,0)
chk(40,-65100,11064,0)r
chk(40,-63795,12250,90)r
set(10,-60550,12250,90)
set(10,-54950,12250,90)
set(31,-57416,12250,-90)
set(10,-49350,12250,90)p
set(10,-43750,12250,90)p
set(10,-38150,12250,90)p
set(10,-32550,12250,90)p
set(10,-26950,12250,90)
chk(40,-25430,12250,90)r
set(10,-21350,12250,90)
set(31,-22692,12250,-90)pr
set(10,-15750,12250,90)p
set(10,-10150,12250,90)p
set(10,-4550,12250,90)p
set(10,1050,12250,90)p
set(14,5600,12250,-90)
chk(40,4504,12250,90)r
chk(40,5600,11064,0)r
set(10,5600,7700,0)
set(10,5600,2100,0)
set(10,5600,-3500,0)
set(31,5600,1591,180)pr
set(10,5600,-9100,0)p
set(10,5600,-14700,0)p
set(10,5600,-20300,0)p
set(10,5600,-25900,0)
chk(40,5600,-24662,0)r
set(14,5600,-30450,180)
set(23,3850,-30450,-90)
set(14,0,-32550,180)pt
set(10,-4550,-32550,90)
set(14,-9100,-32550,0)
set(14,-9100,-36050,90)pt
set(10,-4550,-36050,-90)p
set(14,0,-36050,-90)pt
set(14,0,-39550,180)pt
set(10,-4550,-39550,-90)p
set(10,-10150,-39550,90)p
set(14,-14700,-39550,90)pt
set(10,-14700,-35000,0)p
set(14,-14700,-30450,0)
chk(40,-13365,-30450,90)r
chk(40,-14700,-35011,0)r
chk(40,-13494,-39550,90)r
set(10,-10150,-30450,90)
set(23,-7350,-30450,90)
chk(40,-1411,-39550,90)r
chk(40,0,-37800,0)r
chk(40,-1540,-36050,90)r
chk(40,-7904,-36050,90)r
chk(40,-9100,-34300,0)r
chk(40,-7732,-32550,90)r
set(30,-7560,-30450,-90)pl
set(10,0,-28000,180)
set(26,2880,-30450,90)pr
chk(40,-1583,-32550,90)r
chk(40,0,-28862,0)r
set(10,0,-22400,180)
set(29,0,-26200,180)pr
set(10,0,-16800,180)p
set(10,0,-11200,180)
chk(40,0,-10887,0)r
set(10,0,-5600,180)p

maxl(14,-73018,-44605)
maxb(18,-47005,-70618)
maxr(14,13382,-44605)
maxt(18,20195,-70618)
