snap(0,0,0)
sky(191,215,255)
fog(195,207,230)
ground(192,194,202)
polys(187,190,201)
fadefrom(5000)
density(5)
nlaps(6)
soundtrack(logical_move_4-01.mod,106,33)


set(47,0,0,0)p
set(10,0,5600,0)
chk(40,0,8400,0)r
set(12,1520,11230,-30)
chk(40,3040,14060,0)r
set(13,1520,16890,210)p
set(14,0,21470,0)
chk(40,0,19720,0)r
set(14,3500,21470,180)
chk(40,1750,21470,90)r
set(20,3500,26020,180)
chk(40,3500,24042,0)r
set(15,3500,31620,180)
chk(42,3500,30169,0)r
set(17,3500,36170,-90)pt
set(15,-1050,36170,-90)
chk(42,-3443,35869,90)r
set(15,-6650,36170,-90)p
set(15,-12250,36170,-90)
chk(42,-13646,35869,90)r
set(17,-16800,36170,0)pt
set(15,-16800,31620,180)
chk(42,-16800,31309,0)r
set(17,-16800,27070,90)pt
set(24,-15050,27070,-90)
chk(42,-14672,27070,90)r
set(17,-11876,30964,0)
chk(42,-11876,29713,0)r
set(15,-7326,30964,90)
chk(42,-7604,30964,90)r
set(17,-2776,30964,-90)
chk(42,-2776,29656,0)r
set(15,-2776,26414,0)p
set(17,-2776,21864,180)
chk(42,-2776,23272,0)r
chk(42,-4298,21864,90)r
set(15,-7326,21864,-90)
chk(42,-8402,22075,90)r
set(17,-11876,21864,90)pt
set(15,-11876,26414,0)p
set(24,-11423,19295,0)
chk(42,-11423,19738,0)r
set(15,-11423,16495,180)
chk(42,-11423,16489,0)r
set(24,-11423,13695,180)
chk(42,-11423,13695,0)r
set(10,-9100,5600,180)p
set(10,-9100,0,180)p
set(14,-9100,-4550,90)pt
set(10,-4550,-4550,-90)p
set(14,0,-4550,180)pt
set(23,-9100,8400,180)
chk(40,-9100,8400,0)r
chk(40,-9100,-1117,0)r
chk(40,-4298,-4550,90)r

maxl(12,-23450,-10531)
maxb(7,-12931,-21050)
maxr(12,10150,-10531)
maxt(7,44670,-21050)
