snap(0,0,0)
sky(255,255,0)
fog(125,125,0)
ground(20,20,20)
polys(40,40,40)
fadefrom(8000)
density(8)
nlaps(15)
soundtrack(purple_dream_5.mod,234,64)

set(23,0,-2800,0)p
set(10,0,0,0)
set(10,0,5600,0)
set(14,0,10150,0)pt
set(10,4550,10150,90)
chk(40,4550,10150,90)
set(14,9100,10150,-90)pt
set(10,9100,5600,0)
set(10,9100,0,0)
set(23,9100,-2800,0)p
set(23,13100,-2800,0)p
set(10,13100,0,0)p
set(10,13100,5600,0)
chk(40,13100,5600,0)
set(23,13100,8400,180)p
set(10,17100,5600,0)
chk(40,17100,5600,0)
set(10,17100,0,0)p
set(23,17100,-2800,0)p
set(14,23620,410,90)
chk(40,25320,410,90)
set(14,27120,410,180)pt
set(12,28640,5000,-30)
set(32,28640,5000,0)pr
set(14,30140,9550,0)pt
set(14,33640,9550,-90)pt
set(10,33640,5600,0)
chk(40,33640,5600,0)
set(10,33640,0,0)p
set(23,33640,-2800,0)p
set(13,22100,5000,30)
set(32,22100,5000,180)pr
set(14,20600,9550,-90)pt
set(14,17100,9550,0)pt
set(14,11550,12550,90)
chk(40,13000,12550,90)
set(14,11550,16050,0)
set(26,11550,14300,180)pr
set(14,15000,16050,-90)
set(14,15000,12550,180)
set(26,15000,14500,0)pr
set(10,5600,4000,90)
set(26,9100,2800,180)pr
chk(40,4550,4000,90)
set(10,3500,4000,90)
set(47,0,0,0)
set(26,0,2800,0)pr

maxl(7,-15885,-7779)
maxb(12,-10179,-13485)
maxr(7,41715,-7779)
maxt(12,23421,-13485)
