snap(6,6,6)
sky(156,207,207)
fog(186,202,213)
ground(218,218,218)
polys(225,225,225)
fadefrom(5000)
density(3)
nlaps(1)
soundtrack(slaughter.mod,170,42)


set(47,0,0,0)p
set(14,0,4550,-90)
chk(40,-1024,4550,90)r
set(38,0,3177,180)
set(38,0,2800,180)
set(38,0,2380,180)
set(38,0,1940,180)
set(38,0,1544,180)
set(10,-4550,4550,-90)p
set(37,-1750,4550,-90)
set(37,-3317,4550,-90)
set(37,-5037,4550,-90)
set(10,-10150,4550,-90)
chk(40,-7932,4550,90)r
set(37,-6800,4550,-90)
set(23,-12950,4550,-90)
chk(40,-13964,4550,90)r
set(23,-17300,2800,90)p
set(13,-20130,1280,120)
set(10,-25760,-240,90)
set(10,-31360,-240,90)
set(37,-28860,-240,90)
set(37,-30940,-240,90)
set(37,-29860,-240,90)
set(31,-26269,-240,90)pr
set(23,-34160,-240,-90)p
set(37,-33020,-240,90)
set(37,-32020,-240,90)
set(12,-39060,3240,-120)p
set(13,-39060,6280,-60)p
set(23,-36230,7800,90)p
set(10,-31480,9620,90)
fix(41,-28069,9620,-500,90)
set(10,-25880,9620,90)
set(12,-20250,8100,60)
set(30,-26389,9620,90)pl
set(23,-17420,6580,90)p
set(10,-21746,16198,90)
set(10,-27346,16198,90)
set(10,-32946,16198,90)
set(10,-38546,16198,90)
set(14,-43096,16198,0)
set(31,-38436,16198,-90)pr
set(14,-43096,12698,180)pt
set(14,-46596,12698,0)pt
set(23,-46596,10948,0)p
set(10,-49240,9310,180)
set(14,-49240,4760,90)
set(10,-44690,4760,90)
chk(40,-42436,4760,90)r
set(10,-50290,4760,-90)
set(37,-49240,8020,180)
set(37,-49240,8820,180)
chk(40,-49240,6044,0)r
set(27,-49240,6780,0)pr
set(10,-55890,4760,-90)p
set(10,-61490,4760,-90)p
set(14,-66040,4760,0)
set(10,-66040,210,0)
set(10,-66040,-5390,0)
set(14,-66040,-9940,90)pt
set(10,-61490,-9940,90)
set(10,-55890,-9940,90)
set(28,-59110,-9940,-90)pr
set(10,-50290,-9940,90)
set(23,-47936,-9940,90)
set(10,-43556,-11976,0)
set(14,-43556,-16526,90)pt
set(12,-38976,-18046,60)p
set(14,-34396,-19566,180)pt
set(10,-34396,-15016,180)p
set(12,-36550,-11460,-120)p
set(23,-39380,-9940,-90)p
set(10,-43556,-8712,0)
set(26,-43556,-11512,0)pr
set(13,-45076,-3082,30)
set(23,-46596,-252,180)
set(23,-36230,1720,90)p
set(37,-34860,-240,90)
set(37,-33860,-240,90)
set(23,-34280,9620,-90)p
set(14,-45680,20400,-90)pt
set(10,-50230,20400,-90)p
set(37,-49180,20400,-90)
set(10,-53850,20400,-90)p
set(37,-51050,20400,-90)
set(37,-54540,20400,-90)
set(37,-53030,20400,-90)
set(14,-58400,20400,0)pt
set(14,-58400,16900,90)
chk(40,-56904,16900,90)r
chk(40,-56904,20400,90)r
set(37,-56340,20400,-90)
set(12,-53820,15380,60)
set(14,-49240,13860,-90)pt
set(13,-50260,15380,120)p
set(14,-45680,16900,180)
chk(40,-46880,20400,90)r
set(37,-47430,20400,-90)
chk(40,-46768,16900,90)r
set(14,-54840,13860,0)
chk(40,-54840,12672,0)r
set(10,-54840,9310,180)
set(37,-54840,10480,180)
set(37,-54840,9880,180)
set(27,-54840,11660,180)pr
set(14,-54840,4760,180)
chk(40,-56590,4760,90)r
chk(40,-66040,3656,0)r
set(27,-66040,2468,180)pr
set(10,-16146,16198,90)
set(10,-10546,16198,90)
set(31,-16692,16198,-90)
set(30,-22866,16198,90)pl
set(10,-4946,16198,90)
chk(40,-66040,-8804,0)r
chk(40,-47936,-9940,90)r
set(26,-47336,-9940,-90)pr
chk(40,-40624,-9940,90)r
chk(40,-34396,-15168,0)r
chk(40,-35808,-19566,90)r
chk(40,-42304,-16526,90)r
chk(40,-46596,-252,0)r
set(26,-46596,644,0)pr
chk(40,-43096,15216,0)r
set(23,-2146,16198,90)
chk(40,-580,16198,90)r
set(30,-3940,16198,90)pl
set(23,0,-2800,0)

maxl(11,-73820,-23207)
maxb(17,-25607,-71420)
maxr(11,7780,-23207)
maxt(17,27193,-71420)
