snap(-19,-60,-60)
sky(191,143,143)
fog(191,165,165)
ground(191,186,186)
polys(191,177,177)
fadefrom(8000)
density(8)
nlaps(1)
lightson()
set(47,0,0,0)p
set(49,700,1400,180)
set(49,-700,1400,0)
set(49,-700,-1400,0)
set(49,700,-1400,180)
set(56,0,4998,0)
chk(40,0,3950,0)r
set(57,0,7799,0)
chk(64,0,6992,0,-1142)r
set(60,0,10590,0)pr
set(60,0,13390,0)pr
set(60,0,16190,0)pr
set(58,0,19484,0)
chk(64,0,21755,0,-3027)r
set(58,0,24026,180)pr
set(58,0,27814,0)pr
set(58,0,32356,180)pr
set(57,0,35641,180)pr
set(14,0,42390,0)
set(56,0,38442,180)pr
set(10,4550,42390,90)
set(10,10150,42390,90)
set(52,8475,42040,-90)
set(52,8475,42740,-90)pr
chk(64,9734,42390,90,-914)r
set(23,12950,42390,90)
chk(64,11327,42390,90,-1431)r
set(60,13100,42390,90)pr
set(60,15900,42390,90)pr
set(58,19194,42390,-90)pr
set(59,22291,42390,-90)
chk(64,23130,42390,90,-3202)r
set(59,23969,42390,90)pr
set(58,27066,42390,90)pr
set(60,30360,42390,90)pr
set(57,33151,42390,90)pr
set(10,40950,42390,90)
set(10,39756,44518,180)
set(52,40106,44642,0)
set(52,39406,44642,0)
set(56,35952,42390,90)pr
set(10,46550,42390,90)
set(49,45150,41690,90)
set(49,42350,41690,90)
set(10,52150,42390,-90)
set(10,57750,42390,-90)p
set(56,62748,42390,-90)pr
set(10,69796,44230,180)
set(57,65549,42390,-90)pr
set(23,69796,47030,180)
set(58,68834,42390,-90)pr
set(59,71931,42390,-90)pr
set(61,74170,42390,-90)pr
set(10,83173,41520,0)
set(61,76970,42390,-90)pr
set(10,83173,47120,0)
set(50,83173,44886,180)
set(12,81653,35890,-30)
set(61,79770,42390,-90)pr
set(61,82570,42390,-90)pr
set(61,85370,42390,-90)pr
set(10,92273,39940,180)
set(10,92273,45540,180)
set(59,87609,42390,90)pr
set(58,89650,42390,-90)pr
set(59,92591,42390,-90)pr
set(61,94830,42390,90)pr
set(58,98501,42390,90)pr
set(14,105573,42390,-90)
set(56,101625,42390,90)pr
set(14,105573,38890,90)pt
set(14,109073,38890,-90)pt
set(14,109073,35390,90)pt
set(10,113623,35390,90)p
set(23,116423,35390,90)p
set(10,108023,35390,90)p
set(10,102423,35390,90)p
set(10,96823,35390,90)
set(49,100490,34690,90)
set(49,97690,36090,-90)
set(49,100490,36090,-90)
set(49,97690,34690,90)
set(14,92273,35390,90)
set(49,94890,34690,90)ph
set(49,94890,36090,-90)
set(50,92273,39625,0)pr
set(10,92273,51140,0)p
set(56,92273,56138,0)pr
set(57,92273,58939,0)pr
set(60,92273,61730,0)pr
set(60,92273,64530,0)pr
set(57,92273,67321,180)pr
set(14,92273,74070,-90)
set(56,92273,70122,180)pr
set(10,87723,74070,-90)p
set(14,83173,74070,0)
set(10,83173,69520,0)
set(29,83173,70156,0)pr
set(10,83173,63920,0)p
set(10,83173,58320,0)p
set(10,83173,52720,0)p
set(13,78116,32368,120)p
set(10,72486,30848,90)p
set(10,66886,30848,90)p
set(12,61256,32368,60)p
set(12,55596,35408,60)p
set(12,49936,38448,60)
set(30,51030,42390,90)pl
set(37,48500,42390,-90)
set(37,47850,42390,-90)
set(11,44306,39968,90)
set(49,45150,43090,-90)
set(49,42350,43090,-90)
set(49,45706,40668,-90)
set(50,45230,42390,-90)
set(37,47174,42390,-90)
set(51,46550,42390,-90)
chk(40,43750,42390,90)r
set(14,39756,39968,90)pt
set(49,42906,40668,-90)
set(10,39756,50118,0)p
set(14,39756,54668,0)pt
set(56,43704,54668,-90)pr
set(57,46505,54668,-90)pr
set(60,49296,54668,-90)pr
set(60,52096,54668,-90)pr
set(60,54896,54668,-90)pr
set(60,57696,54668,-90)pr
set(58,60990,54668,-90)pr
set(59,64087,54668,-90)pr
set(59,65765,54668,90)pr
set(58,68862,54668,90)pr
set(57,72147,54668,90)pr
set(14,78896,54668,-90)
set(56,74948,54668,90)pr
set(56,78896,50720,180)pr
set(57,78896,47919,180)pr
set(60,78896,45128,180)pr
set(60,78896,42328,180)pr
set(58,78896,39034,180)pr
set(59,78896,35937,180)pr
set(61,78896,34230,180)pr
set(61,78896,31430,180)pr
set(61,78896,28630,180)pr
set(59,78896,26391,0)pr
set(58,78896,23294,0)pr
set(57,78896,20009,0)pr
set(14,78896,13260,180)
set(56,78896,17208,0)pr
set(10,74346,13260,-90)p
set(14,69796,13260,90)pt
set(56,69796,17208,0)pr
set(57,69796,20009,0)pr
set(57,69796,22791,180)pr
set(57,69796,25429,0)pr
set(57,69796,28211,180)pr
set(57,69796,30849,0)pr
set(60,69796,33640,0)pr
set(57,69796,36431,180)pr
set(56,69796,39232,180)
chk(64,65823,42390,90,-1431)r
chk(64,81170,42390,90,-3202)r
chk(64,93990,42390,90,-3202)r
chk(40,105573,40640,0)r
chk(40,101890,35390,90)r
chk(40,92273,44236,0)r
chk(64,92273,56650,0,-354)r
chk(64,92273,65370,0,-1490)r
chk(40,90764,74070,90)r
chk(40,83173,72736,0)r
chk(40,83173,62644,0)r
chk(40,83173,46892,0)r
chk(40,75286,30848,90)r
chk(40,52766,36928,90)r
chk(40,39756,41240,0)r
chk(40,40940,54668,90)r
chk(64,52376,54668,90,-1490)r
chk(64,62216,54668,90,-2626)r
chk(64,68606,54668,90,-2066)r
chk(64,78896,49238,0,-914)r
chk(64,78896,42048,0,-1490)r
chk(64,78896,31150,0,-3202)r
chk(64,78896,21400,0,-1490)r
chk(40,70988,13260,90)r
chk(64,69796,21400,0,-1490)r
chk(64,69796,31680,0,-1490)r
chk(40,69796,41430,0)r
chk(40,69796,48688,0)r

maxl(19,-7606,-6303)
maxb(27,-8703,-5206)
maxr(19,121994,-6303)
maxt(27,82497,-5206)
